1
2
3
5
6
24
30
33
34
249
264
295
330
343
662
890
929
960
968
1303
1420
1519
1554
1591
1617
1618
1622
1625
1848
1852
1869
1934
1953
2122
2165
2175
2187
2316
2657
2696
2767
2839
2865
2956
2997
3103
3636
3685
3835
3863
3876
4406
4473
4671
4708
4900
4909
4953
4981
5043
5107
5129
5148
5209
5220
5297
5308
5326
5368
5527
5693
5805
5854
6149
6295
6310
6327
6328
6333
6440
6514
6689
7437
7445
7588
7604
7613
7624
7777
8732
8737
8909
9328
9516
9646
9777
10210
10592
10603
10614
10629
10799
10917
10964
11012
11127
11149
11337
11378
11573
11588
11868
12067
12321
12467
12649
12722
12781
12898
13023
13214
13615
13651
14050
14743
15195
15196
15197
15622
15881
16640
16735
16900
16981
17125
17162
17250
18116
18122
18254
18266
18373
18405
18512
18579
18580
18750
19063
19380
19543
21327
21484
21671
21686
22188
22463
22628
22917
22995
23754
23772
24128
24178
24213
24520
24580
24583
25190
25354
26114
26582
27494
28251
28351
28676
30118
30119
30324
30474
30735
30868
31242
31491
32071
32261
32894
33569
34449
35870
37415
37435
37732
37739
37781
37793
38262
38343
38447
38709
39916
40425
40483
41069
41681
41865
42389
42696
42986
42989
43448
43641
43931
45432
46170
46756
46787
46799
47970
48855
49746
50275
50798
50925
51606
51789
51799
51948
53835
54270
55139
56373
58345
59145
59963
60200
61179
61773
65249
66370
66929
67513
68218
70101
70561
71771
72003
72657
73723
74760
75234
75502
76401
76670
77013
77142
77203
77239
77767
77903
80675
82333
82970
83202
85386
85679
86820
86845
87280
89723
92057
92508
92936
93981
94153
95144
96358
97869
98969
99319
99329
99442
99955
100915
104734
111000
111050
112219
116114
116494
117833
117835
117997
118041
119322
119324
122756
123653
123668
127020
127953
128029
130208
130440
133518
135479
135836
136251
138202
140082
140963
141077
143555
146665
147029
147728
147894
149942
150373
152662
153747
159273
160939
163465
168642
168668
169756
170453
170529
170821
177523
187149
195144
199687
200566
201866
203220
203998
207266
207577
214760
222507
229001
231804
232576
240129
248070
248871
251547
253106
253582
256683
259836
259991
265008
268302
270730
271199
275840
275841
282773
289663
296662
298275
301022
301023
305234
308534
309382
310459
316420
316575
320197
321950
322351
324663
331319
332613
334286
337113
338798
341055
342209
342555
344189
346023
355697
357636
370493
373755
374188
374773
375802
380285
386187
386286
389424
393301
402012
411855
411859
421280
422146
430368
437428
439288
446761
457264
457762
472331
478659
482976
485894
498359
515678
517061
526869
526927
530270
532238
545951
560026
567720
575241
575242
580970
584937
592657
595375
608787
625732
629429
676737
693208
703292
708481
709381
716397
751591
753956
759947
767307
773951
776407
781820
784339
791133
799475
816473
820285
825473
849939
862041
869906
871294
877801
898435
899098
907297
920143
931906
936025
941720
953412
958277
958289
971569
1031803
1032019
1097577
1110887
1138034
1144034
1173584
1183998
1192430
1206058
1242145
1281258
1316617
1325218
1328088
1421804
1486923
1518400
1531254
1651302
1786331
1787387
1808778
1843175
1846075
1923820
1949584
2023676
2026424
2303689
2376087
2429135
2454079
2463554
2612801
2767052
2815590
2864430
2977487
3153910
3198735
3236492
3374236
3712484
3753416
4134071
4481365
4555477
4799029
4836021
5168517
5506846
5519394
5883777
5890586
5955666
6050182
6065110
6080337
6148028
6219656
6351885
6379158
6389263
6443349
6482103
6588662
6675710
6713028
6726938
6788165
6792458
6837103
6901097
6916963
7196914
7222742
7260188
7641383
7648269
7747422
7905977
7938275
7971693
8152939
8513153
8695301
8709523
9571617
9583508
9646992
9923138
10097680
10138607
10420795
10431447
10469840
11110218
11253959
11339141
11385665
11595276
11807189
11870085
11886577
12177850
12232938
12369821
12395877
12700353
12804425
12988846
12995883
13079982
13318633
13436373
13528430
13536858
13545414
13563050
13564820
13565676
13593526
13594616
13640184
14926590
15704307
15745753
15798660
16096824
16225719
17376287
17405942
17573532
17857619
17857704
17899948
18114322
18465634
18615267
18733034
18758839
18763344
18803806
18843442
19170022
19322890
19869794
20157501
22435785
22462625
22747838
22754644
22784968
22808339
22821333
22889878
23010869
23574690
23918613
24263233
24484259
24612624
25256386
25573826
25898216
26073150
26135825
26214355
27401763
27401866
28043983
28954063
29202269
29559052
29776603
29844228
30163876
30372452
31450852
31559033
32768522
32825168
33574273
33800300
34331569
34457278
34828777
35031085
35068524
35152052
35276743
35295478
35489159
35717446
35747029
35873899
36219542
36236124
36373395
36949926
37539457
37643470
37953987
39319247
40265832
41189928
41473872
41817486
41887005
41940333
42837514
44017627
44280883
45014012
48730202
49583709
50160417
50548197
51152447
51323334
51599853
52076947
52190991
52220686
52340895
52751410
52892857
54250984
54857024
54998251
55643287
57717410
59336279
59899216
60000834
60694649
61439040
123957806
